$ 1 0.0000049999999999999996 3.1763992386181834 48 40 43
v 96 272 96 176 0 3 40 20 20 0 0.5
z 176 208 176 176 1 0.805904783 22
r 176 288 176 224 0 100000
r 176 176 176 128 0 100000
w 96 176 96 128 0
w 96 128 176 128 0
w 96 288 96 272 0
p 144 224 144 288 1 0
w 144 288 96 288 0
w 144 288 176 288 0
w 176 224 144 224 0
w 176 208 176 224 0
w 208 288 176 288 0
w 224 224 176 224 0
w 240 288 272 288 0
162 272 128 272 288 1 2.1024259 1 0 0 0.01
f 224 224 224 288 0 1.5 0.02
r 176 128 272 128 0 1000
o 7 64 0 4098 10 0.1 0 1
o 0 64 0 4099 80 0.1 1 2 0 3
